16 R 0.00312443 0.00937328 2.62192 0.0416667
16 N 1.14286 3.42857 0.007168 0.0416667
16 T 0.258065 0.193548 0.031744 0.166667
32 R 0.0223615 0.0335422 2.93075 0.0833333
32 N 9.14286 13.7143 0.007168 0.0833333
32 T 2 0.75 0.032768 0.333333
64 R 0.17554 0.131655 2.98672 0.166667
64 N 51.2 38.4 0.01024 0.166667
64 T 14.2222 2.66667 0.036864 0.666667
128 R 1.509 0.565876 2.77952 0.333333
128 N 292.571 109.714 0.014336 0.333333
128 T 95.2558 8.93023 0.044032 1.33333
256 R 7.96349 1.49315 4.21354 0.666667
256 N 1310.72 245.76 0.0256 0.666667
256 T 427.641 20.0457 0.078464 2.66667
1024 R 516.783 24.2242 4.15549 2.66667
1024 N 2631.31 123.343 0.816128 2.66667
1024 T 682.368 7.9965 3.1471 10.6667
2048 R 3783.15 88.6676 4.54115 5.33333
2048 N 2632.55 61.7003 6.52595 5.33333
2048 T 680.485 3.98722 25.2465 21.3333
4096 R 13493.9 158.131 10.1853 10.6667
4096 N 2466.24 28.9013 55.7281 10.6667
4096 T 533.055 1.56168 257.833 42.6667
8192 R 18034.4 105.67 60.9674 21.3333
8192 N 2503.3 14.6678 439.225 21.3333
8192 T 574.292 0.841249 1914.55 85.3333
16384 R 18949.5 55.516 464.187 42.6667
16384 N 2478.88 7.26234 3548.42 42.6667
16384 T 572.541 0.419342 15363.2 170.667
